1 9 9 9 9 9 9 9 9 9 9 9 9 2 1 9 9 9 9 9 9 9 9 9 9 9 9 2
8 5 5 5 5 5 5 5 5 5 5 5 5 8 8 5 5 5 5 5 5 5 5 5 5 5 5 8
8 5 1 9 9 2 5 1 9 9 9 2 5 8 8 5 1 9 9 2 5 1 9 9 9 2 5 8
8 7 8 0 0 8 5 8 0 0 0 8 5 8 8 5 8 0 0 8 5 8 0 0 0 8 7 8
8 5 3 9 9 4 5 3 9 9 9 4 5 3 4 5 3 9 9 4 5 3 9 9 9 4 5 8
8 5 5 5 5 5 5 5 5 5 5 5 5 5 5 5 5 5 5 5 5 5 5 5 5 5 5 8
8 5 1 9 9 2 5 1 2 5 1 9 9 9 9 9 9 2 5 1 2 5 1 9 9 2 5 8
8 5 3 9 9 4 5 8 8 5 3 9 9 2 1 9 9 4 5 8 8 5 3 9 9 4 5 8
8 5 5 5 5 5 5 8 8 5 5 5 5 8 8 5 5 5 5 8 8 5 5 5 5 5 5 8
3 9 9 9 9 2 5 8 3 9 9 2 6 8 8 6 1 9 9 4 8 5 1 9 9 9 9 4
0 0 0 0 0 8 5 8 1 9 9 4 6 3 4 6 3 9 9 2 8 5 8 0 0 0 0 0
0 0 0 0 0 8 5 8 8 6 6 6 6 6 6 6 6 6 6 8 8 5 8 0 0 0 0 0
0 0 0 0 0 8 5 8 8 6 1 9 9 0 0 9 9 2 6 8 8 5 8 0 0 0 0 0
9 9 9 9 9 4 5 3 4 6 8 0 0 0 0 0 0 8 6 3 4 5 3 9 9 9 9 9
6 6 6 6 6 6 5 6 6 6 8 0 0 0 0 0 0 8 6 6 6 5 6 6 6 6 6 6
9 9 9 9 9 2 5 1 2 6 8 0 0 0 0 0 0 8 6 1 2 5 1 9 9 9 9 9
0 0 0 0 0 8 5 8 8 6 3 9 9 9 9 9 9 4 6 8 8 5 8 0 0 0 0 0
0 0 0 0 0 8 5 8 8 6 6 6 6 6 6 6 6 6 6 8 8 5 8 0 0 0 0 0
0 0 0 0 0 8 5 8 8 6 1 9 9 9 9 9 9 2 6 8 8 5 8 0 0 0 0 0
1 9 9 9 9 4 5 3 4 6 3 9 9 2 1 9 9 4 6 3 4 5 3 9 9 9 9 2
8 5 5 5 5 5 5 5 5 5 5 5 5 8 8 5 5 5 5 5 5 5 5 5 5 5 5 8
8 5 1 9 9 2 5 1 9 9 9 2 5 8 8 5 1 9 9 9 2 5 1 9 9 2 5 8
8 5 3 9 2 8 5 3 9 9 9 4 5 3 4 5 3 9 9 9 4 5 8 1 9 4 5 8
8 7 5 5 8 8 5 5 5 5 5 5 5 5 5 5 5 5 5 5 5 5 8 8 5 5 7 8
3 9 2 5 8 8 5 1 2 5 1 9 9 9 9 9 9 2 5 1 2 5 8 8 5 1 9 4
1 9 4 5 3 4 5 8 8 5 3 9 9 2 1 9 9 4 5 8 8 5 3 4 5 3 9 2
8 5 5 5 5 5 5 8 8 5 5 5 5 8 8 5 5 5 5 8 8 5 5 5 5 5 5 8
8 5 1 9 9 9 9 4 3 9 9 2 5 8 8 5 1 9 9 4 3 9 9 9 9 2 5 8
8 5 3 9 9 9 9 9 9 9 9 4 5 3 4 5 3 9 9 9 9 9 9 9 9 4 5 8
8 5 5 5 5 5 5 5 5 5 5 5 5 5 5 5 5 5 5 5 5 5 5 5 5 5 5 8
3 9 9 9 9 9 9 9 9 9 9 9 9 9 9 9 9 9 9 9 9 9 9 9 9 9 9 4